920074
857094
448255
49244
976893
69585
879874
828454
105819
445039
149225
49288
488490
498877
683956
796548
973764
214960
608477
673783
18346
585309
682768
298063
810970
195037
172312
252718
313502
718768
638358
961848
277215
142518
512048
197045
790127
494748
983538
790559
369692
299564
291823
187846
566472
415871
59856
959475
680412
781047
707076
886159
28992
23028
44382
32346
659147
497648
63994
249155
553206
17288
976561
433536
745230
725481
110287
193517
824975
500618
735517
271166
784081
487480
967474
442689
638271
19771
533498
877428
6323
883195
348456
624758
825806
729011
553446
928868
550681
183381
184829
196258
840772
274027
318728
481568
689878
342881
607411
439411
